$ANSIBLE_VAULT;1.1;AES256
36383264646438643666356139366130353066373137643034323734373833613162653234666462
3439656537633364353764396531343766353939623831340a626665383537306432393437303434
37636332626565333533393964393339383133343566333638656434616232386661386538376662
6264643062396364630a656162393166303362376265383966643165386232363431313632623935
37383638653332386432643337383338393162303536623163383335363964303832656637653965
32323337626533353763646166613132333737653832313639636630303536343666356363643966
38643464336637313662613135643532313063623237623565373139366638623064346535373862
36326136636130333235326662656238383061653739623862326331623831646564383833343735
39623261613938663263653832666530383161646330383334323566653938663464353239623237
36636332646261323132313563343766626631333435663065643937666263613938393333343565
63346336366239333363393531353866336662616232633837396264333262613435633165613531
34663031306266306366356638366631303861373563636234353562383131616536626663373961
37633430396662333261333733393061666663353935333664633437313638376462663862356263
32333763396563333265643633363938386663336565383838653461646430376661356336343031
39373563363033333265346663346462373565623735633439663632383365623531616561633064
33393833613164313162366135643663313664663039316164663933396435356638326362366238
62323366343734326366653433316130306362373230653166346463383661326264376532663361
34343333333838663632613633633738333736363365393834363432383565356236356362663430
66663262623238656632636435616236396261653831366534393833666630366138366331366531
36633665363165343862
